webNotreDame
1,2.69075
0,24257,0.0744699,32824,22780,0.0699354,1963,5571,0.0171032,124802,5298,0.0162651,10331,4634,0.0142266
2,1.47465
0,48298,0.148277,32824,45600,0.139994,1963,11128,0.0341634,124802,10612,0.0325792,10331,9263,0.0284378
4,0.749178
0,72467,0.222476,32824,68421,0.210055,1963,16707,0.0512911,124802,15912,0.0488504,10331,13897,0.0426643
8,0.473993
0,96519,0.296317,32824,91171,0.279898,1963,22258,0.0683329,124802,21226,0.0651646,10331,18519,0.056854
webGoogle
56.7156
2,1630070950,1861.42597621,72794,0.0831254537039,57316,0.0654507452291,57002,0.0650921163075,48761,0.0556815
30.7033
2,1630071213,1861.42597621,143213,0.163539537039,113966,0.130141452291,112314,0.128254163075,97019,0.110789
16.7615
2,1630071527,1861.42597621,213364,0.243646452291,168486,0.192399537039,166601,0.190246163075,144879,0.165441
9.565
2,1630071792,1861.42597621,281793,0.321787452291,225555,0.257567537039,222664,0.254266163075,194522,0.22213
